1706079742.605508 -0.013402 0.597518 -0.083404 0.005776 -0.002225 -0.014002 0.999883
1706079747.005306 1.048941 0.577876 2.093790 0.017802 -0.007097 -0.015652 0.999694
1706079748.405022 0.021982 0.639460 5.130848 0.019757 0.019375 -0.027178 0.999248
1706079750.905458 1.063062 0.553287 4.821734 0.017090 0.018043 -0.042545 0.998785
1706079754.105148 2.109628 0.529557 3.851351 0.018158 0.012345 -0.059348 0.997996
1706079758.605158 3.147252 0.527173 3.433304 0.009159 0.011788 -0.069831 0.997447
1706079764.505440 4.146613 0.615892 3.707358 0.011572 0.012313 -0.064546 0.997772
1706079772.905321 5.061573 0.969903 3.983134 0.013591 0.012749 -0.040684 0.998998
1706079777.005619 5.664182 1.662916 3.854011 0.011114 0.020735 0.080592 0.996469
1706079778.705351 6.453679 2.191702 3.603861 0.007889 0.025693 0.160381 0.986689
1706079780.204977 7.281279 2.642941 3.252415 -0.000750 0.026520 0.213205 0.976647
1706079781.905431 7.963802 3.316293 2.932772 0.003812 0.028658 0.248447 0.968214
1706079783.605504 8.738637 4.003773 2.864370 0.004046 0.027535 0.228713 0.973096
1706079785.205317 9.594559 4.682788 3.002434 -0.001054 0.021239 0.172047 0.984859
1706079786.805144 10.467765 5.326679 3.129452 0.000183 0.019264 0.106890 0.994084
1706079788.305488 11.469633 5.806592 3.328124 0.005586 0.018677 0.062492 0.997855
1706079789.605029 12.525071 6.087763 3.615842 0.006017 0.018168 0.039907 0.999020
1706079790.805480 13.593874 6.278481 3.834912 0.004248 0.017860 0.025325 0.999511
1706079791.905335 14.658403 6.413709 4.033027 0.008222 0.018444 0.018649 0.999622
1706079792.905325 15.679802 6.544121 4.189116 0.006857 0.019163 0.014940 0.999681
1706079793.905332 16.748012 6.665411 4.300256 0.006914 0.019667 0.011606 0.999715
1706079794.905292 17.841555 6.768886 4.362578 0.007202 0.018268 0.007970 0.999775
1706079795.805434 18.854000 6.850925 4.377979 0.006494 0.019398 0.005743 0.999774
1706079796.705162 19.899426 6.940196 4.386449 0.007166 0.019006 0.003092 0.999789
1706079797.605342 20.953284 7.030893 4.374400 0.008354 0.018530 0.002926 0.999789
1706079798.505486 22.018812 7.123177 4.341201 0.008660 0.018956 0.002901 0.999779
1706079799.405635 23.084182 7.199385 4.318025 0.008510 0.017984 0.003424 0.999796
1706079800.304976 24.178005 7.290928 4.290285 0.010656 0.019152 0.003954 0.999752
1706079801.205157 25.261807 7.375577 4.227337 0.010009 0.018146 0.004065 0.999777
1706079802.104949 26.336845 7.458296 4.202155 0.009522 0.018021 0.005704 0.999776
1706079803.005103 27.428551 7.578659 4.197545 0.006924 0.018676 0.012741 0.999720
1706079803.905276 28.497510 7.716379 4.181000 0.008287 0.019449 0.023344 0.999504
1706079804.805018 29.537943 7.877888 4.138074 0.010262 0.020899 0.033728 0.999160
1706079805.705158 30.604774 8.046917 4.127030 0.010413 0.020500 0.040262 0.998925
1706079806.605327 31.660922 8.225440 4.041734 0.007522 0.020773 0.042672 0.998845
1706079807.505509 32.743388 8.396127 4.036647 0.009055 0.019908 0.043784 0.998802
1706079808.405285 33.814964 8.591255 4.003435 0.004908 0.019700 0.043466 0.998849
1706079809.305459 34.890404 8.768106 3.941413 0.006384 0.019567 0.044852 0.998782
1706079810.205654 35.981257 8.945319 3.938010 0.010250 0.020681 0.047316 0.998613
1706079811.105473 37.070940 9.150206 3.923250 0.006786 0.019758 0.049266 0.998567
1706079812.005632 38.155851 9.328470 3.893778 0.007068 0.020901 0.051763 0.998416
1706079812.904993 39.237849 9.522897 3.859486 0.008681 0.020226 0.053490 0.998326
1706079813.805128 40.320711 9.710481 3.837584 0.011552 0.020973 0.054523 0.998225
1706079814.705294 41.397166 9.898351 3.793656 0.007884 0.019619 0.053286 0.998355
1706079815.605436 42.471145 10.083374 3.772268 0.005917 0.020298 0.051887 0.998429
1706079816.505183 43.568212 10.286314 3.773249 0.006830 0.019551 0.050701 0.998499
1706079817.405361 44.670072 10.451922 3.773220 0.008602 0.020497 0.048018 0.998599
1706079818.305129 45.769682 10.629217 3.828345 0.018139 0.019625 0.047999 0.998490
1706079819.205636 46.869280 10.824084 3.854340 0.018197 0.022171 0.046121 0.998524
1706079820.104981 47.936220 11.010001 3.895722 0.006883 0.020487 0.043723 0.998810
1706079821.005137 49.032201 11.167199 3.950987 0.007456 0.020650 0.041749 0.998887
1706079821.905280 50.139999 11.312362 4.005947 0.013837 0.020800 0.039337 0.998914
1706079822.805463 51.240562 11.487029 4.040082 0.010476 0.020900 0.036985 0.999042
1706079823.705194 52.319941 11.650433 4.042000 0.010364 0.021228 0.036260 0.999063
1706079824.604993 53.399309 11.811855 4.042834 0.012567 0.020064 0.037792 0.999005
1706079825.505121 54.479668 11.986239 4.058382 0.013001 0.021198 0.038745 0.998940
1706079826.405270 55.553211 12.157765 4.060672 0.014709 0.021294 0.039709 0.998876
1706079827.305429 56.616547 12.328119 4.068164 0.013399 0.021307 0.040853 0.998848
1706079828.205161 57.688821 12.508845 4.069985 0.007768 0.021986 0.040182 0.998920
1706079829.105310 58.797132 12.690934 4.105704 0.009115 0.020344 0.038883 0.998995
1706079830.005105 59.899336 12.862593 4.117385 0.010468 0.021456 0.037928 0.998995
1706079830.905648 61.007693 13.031736 4.126961 0.011701 0.020726 0.035525 0.999085
1706079831.804999 62.120025 13.192953 4.114235 0.010364 0.020565 0.033169 0.999184
1706079832.705166 63.226014 13.320790 4.097777 0.011365 0.020571 0.031002 0.999243
1706079833.605309 64.336764 13.444123 4.048031 0.009047 0.020214 0.029240 0.999327
1706079834.505482 65.428262 13.562899 3.988116 0.013295 0.020298 0.028599 0.999296
1706079835.405630 66.541933 13.686913 3.947676 0.013597 0.019268 0.027768 0.999336
1706079836.304960 67.646188 13.828747 3.872432 0.008896 0.018616 0.028019 0.999394
1706079837.205104 68.741346 13.955685 3.828350 0.012461 0.019904 0.028967 0.999304
1706079838.105618 69.835776 14.086005 3.778336 0.012342 0.020172 0.029959 0.999271
1706079839.005015 70.936432 14.218734 3.741903 0.010596 0.018974 0.030552 0.999297
1706079839.905181 72.053549 14.346567 3.753221 0.017077 0.019393 0.031381 0.999173
1706079840.705495 73.048099 14.474947 3.747685 0.014489 0.019261 0.031240 0.999221
1706079841.505036 74.044932 14.596495 3.751375 0.013729 0.020167 0.031555 0.999204
1706079842.304987 75.044857 14.718976 3.767733 0.012865 0.019129 0.032140 0.999217
1706079843.105283 76.046527 14.853543 3.746046 0.012113 0.020158 0.033687 0.999156
1706079843.905169 77.044524 14.988910 3.742026 0.010030 0.019752 0.035485 0.999125
1706079844.705496 78.066768 15.126690 3.761334 0.011474 0.020171 0.036682 0.999057
1706079845.505003 79.062200 15.268453 3.742444 0.012897 0.020018 0.038264 0.998984
1706079846.305342 80.057812 15.410312 3.723414 0.013747 0.019249 0.038137 0.998993
1706079847.105630 81.052402 15.549657 3.686363 0.012054 0.020152 0.037738 0.999012
1706079847.905145 82.054407 15.680698 3.682337 0.013238 0.019373 0.037141 0.999035
1706079848.705458 83.060403 15.808779 3.679915 0.013856 0.020065 0.037558 0.998997
1706079849.605644 84.172766 15.949739 3.653687 0.012876 0.019954 0.037322 0.999021
1706079850.405579 85.168150 16.086177 3.655394 0.011475 0.019680 0.037086 0.999052
1706079851.205430 86.163266 16.224432 3.651740 0.013995 0.020442 0.037733 0.998981
1706079852.005338 87.164428 16.353886 3.668267 0.012674 0.018493 0.038219 0.999018
1706079852.805293 88.180906 16.486038 3.664606 0.011262 0.020220 0.038965 0.998972
1706079853.605178 89.179749 16.640066 3.657187 0.012868 0.019539 0.039803 0.998934
1706079854.405483 90.205703 16.774171 3.675915 0.015477 0.021000 0.040706 0.998831
1706079855.205435 91.214328 16.931666 3.673503 0.012739 0.020057 0.041865 0.998841
1706079856.004960 92.238024 17.082869 3.664686 0.012108 0.020514 0.042195 0.998825
1706079856.805642 93.238350 17.220177 3.650459 0.013987 0.019983 0.043018 0.998777
1706079857.605137 94.258762 17.370797 3.647898 0.012796 0.021000 0.043120 0.998767
1706079858.405477 95.267537 17.514086 3.625267 0.012432 0.020378 0.043568 0.998765
1706079859.205005 96.279418 17.668390 3.627763 0.013208 0.019737 0.043387 0.998776
1706079860.005293 97.282959 17.823194 3.608593 0.008757 0.019521 0.043197 0.998837
1706079860.805626 98.279862 17.979811 3.611556 0.009967 0.020637 0.044248 0.998758
1706079861.605166 99.279776 18.137428 3.611545 0.013784 0.020066 0.046058 0.998642
1706079862.405484 100.290820 18.295068 3.611699 0.012720 0.020776 0.046739 0.998610
1706079863.205011 101.290441 18.452862 3.616879 0.011612 0.020272 0.047998 0.998574
1706079864.005287 102.289636 18.631314 3.603200 0.010034 0.020566 0.047871 0.998591
1706079864.805638 103.287723 18.807074 3.595583 -0.000434 0.020197 0.048847 0.998602
1706079865.605154 104.300933 18.975930 3.603680 0.001692 0.020316 0.050864 0.998497
1706079866.405105 105.303424 19.151239 3.589716 0.005787 0.020949 0.053750 0.998318
1706079867.205423 106.299809 19.333767 3.574401 -0.001646 0.020393 0.054830 0.998286
1706079868.004986 107.318997 19.522591 3.548492 -0.004512 0.020021 0.055527 0.998246
1706079868.805290 108.337313 19.702423 3.547025 -0.000935 0.020045 0.057675 0.998134
1706079869.605612 109.337599 19.894038 3.523474 -0.000413 0.020593 0.060117 0.997979
1706079870.405101 110.347667 20.096687 3.488875 -0.001334 0.020564 0.064387 0.997712
1706079871.205449 111.359872 20.300114 3.469196 0.000142 0.019914 0.068588 0.997446
1706079872.004976 112.360126 20.508549 3.435810 -0.001366 0.021375 0.072466 0.997141
1706079872.805317 113.378604 20.725355 3.413199 -0.001122 0.020758 0.075400 0.996937
1706079873.605663 114.387327 20.946501 3.371007 -0.002511 0.020726 0.077578 0.996768
1706079874.405587 115.398726 21.173734 3.339846 -0.002728 0.020434 0.078903 0.996669
1706079875.205095 116.424655 21.386620 3.332910 -0.003647 0.020704 0.079645 0.996602
1706079876.005019 117.444750 21.608982 3.284729 -0.003160 0.020630 0.079659 0.996604
1706079876.804965 118.461781 21.832700 3.255514 -0.003595 0.020598 0.080095 0.996568
1706079877.605281 119.497518 22.061061 3.254778 -0.004238 0.019514 0.080059 0.996590
1706079878.405605 120.518008 22.273137 3.220225 -0.004511 0.020059 0.080335 0.996556
1706079879.205154 121.529764 22.506299 3.211103 -0.003022 0.019887 0.081473 0.996473
1706079880.005013 122.546942 22.744678 3.199059 -0.004631 0.020118 0.083476 0.996296
1706079880.805345 123.547089 22.969480 3.166937 -0.004231 0.019813 0.084912 0.996182
1706079881.605261 124.571710 23.210143 3.180700 -0.002167 0.020329 0.085741 0.996108
1706079882.405139 125.591150 23.456264 3.181751 -0.003817 0.020618 0.086240 0.996054
1706079883.205427 126.601864 23.698252 3.175462 -0.003209 0.020842 0.087899 0.995906
1706079884.005287 127.613780 23.946363 3.161526 -0.001652 0.020807 0.089653 0.995754
1706079884.805170 128.602970 24.191931 3.151817 -0.002270 0.020850 0.091808 0.995556
1706079885.605494 129.608662 24.446145 3.158629 -0.003064 0.021109 0.094721 0.995275
1706079886.405012 130.610235 24.731327 3.141756 -0.002607 0.021271 0.097070 0.995047
1706079887.205344 131.583514 24.985042 3.119032 -0.002441 0.022061 0.099592 0.994781
1706079888.005276 132.590772 25.255248 3.108658 -0.004192 0.020380 0.101729 0.994595
1706079888.805597 133.576580 25.500388 3.081798 -0.002481 0.021349 0.102279 0.994524
1706079889.605088 134.557049 25.762050 3.061580 -0.001445 0.020975 0.101257 0.994638
1706079890.405445 135.557951 26.033622 3.048982 -0.002762 0.022088 0.099814 0.994757
1706079891.205354 136.574434 26.289118 3.051750 -0.003037 0.020835 0.097054 0.995056
1706079892.005268 137.556032 26.543721 3.040291 -0.002001 0.020802 0.093984 0.995354
1706079892.805588 138.563653 26.801557 3.041209 0.000041 0.021125 0.092613 0.995478
1706079893.605134 139.548299 27.056877 3.035057 0.000750 0.021534 0.092917 0.995441
1706079894.505316 140.644043 27.347440 3.013545 -0.000620 0.020899 0.095102 0.995248
1706079895.305614 141.620975 27.596091 3.020405 -0.001566 0.020308 0.097376 0.995039
1706079896.204964 142.706321 27.869547 3.000066 -0.000211 0.020829 0.100812 0.994687
1706079897.105111 143.799173 28.151893 3.007894 -0.001248 0.022426 0.104261 0.994296
1706079897.905028 144.758597 28.426625 2.990242 -0.002496 0.021456 0.106886 0.994037
1706079898.705327 145.721254 28.701607 3.002053 -0.001149 0.021805 0.108363 0.993872
1706079899.605124 146.795858 28.984172 2.985354 -0.001022 0.022839 0.109670 0.993705
1706079900.405448 147.758649 29.267394 2.976238 -0.002579 0.022093 0.110946 0.993577
1706079901.305624 148.839092 29.563262 2.979480 -0.001518 0.021556 0.113791 0.993270
1706079902.205017 149.902247 29.869910 2.963015 -0.003045 0.022057 0.116383 0.992955
1706079903.105201 150.950820 30.187573 2.940200 -0.002663 0.022320 0.121198 0.992374
1706079904.004954 151.992786 30.530997 2.937771 0.000075 0.023405 0.125690 0.991793
1706079904.905132 153.009229 30.875004 2.915578 -0.002046 0.024194 0.129486 0.991284
1706079905.805280 154.051766 31.212896 2.910371 0.000746 0.023425 0.131235 0.991074
1706079906.605605 155.007124 31.517005 2.914022 0.000912 0.023723 0.131158 0.991077
1706079907.504970 156.068772 31.856886 2.909979 -0.000996 0.023740 0.129676 0.991272
1706079908.405153 157.142054 32.204912 2.906720 -0.001674 0.023274 0.127164 0.991607
1706079909.305291 158.195606 32.540501 2.886195 0.000993 0.022896 0.123622 0.992065
1706079910.205426 159.250896 32.877929 2.852959 -0.003360 0.021726 0.120538 0.992465
1706079911.105595 160.308668 33.224734 2.850676 -0.002100 0.022797 0.117782 0.992776
1706079912.005338 161.359958 33.553483 2.819780 -0.002039 0.021693 0.115283 0.993094
1706079912.905473 162.418348 33.871959 2.790876 -0.000878 0.022575 0.114712 0.993142
1706079913.805188 163.457894 34.176286 2.744038 -0.001054 0.021279 0.114195 0.993230
1706079914.704956 164.523435 34.492178 2.730096 -0.001623 0.022782 0.112999 0.993333
1706079915.605091 165.592806 34.811803 2.735984 -0.002671 0.022065 0.110803 0.993594
1706079916.505610 166.659919 35.117355 2.721640 -0.003467 0.020760 0.108894 0.993831
1706079917.305121 167.625960 35.384921 2.725562 -0.000706 0.021406 0.108316 0.993886
1706079918.205294 168.689349 35.692981 2.714789 -0.000705 0.022047 0.107890 0.993918
1706079919.105427 169.741776 36.012454 2.669290 0.000752 0.021929 0.108031 0.993905
1706079920.005587 170.824715 36.304949 2.649513 0.004165 0.021763 0.107960 0.993908
1706079920.904961 171.883541 36.594255 2.597272 0.004954 0.021503 0.106811 0.994034
1706079921.705312 172.850631 36.867300 2.627253 0.004534 0.023093 0.106984 0.993982
1706079922.605450 173.932245 37.182429 2.629122 0.004071 0.022230 0.107720 0.993924
1706079923.505602 175.021999 37.454938 2.621047 0.007586 0.022321 0.109864 0.993667
1706079924.404978 176.105008 37.761872 2.602029 0.003356 0.021263 0.111314 0.993552
1706079925.205297 177.078843 38.023879 2.594737 0.003985 0.023071 0.113428 0.993270
1706079926.005151 178.045477 38.297633 2.566494 0.004212 0.021919 0.114760 0.993142
1706079926.805460 179.015473 38.581838 2.573920 0.005102 0.021844 0.116038 0.992991
1706079927.705639 180.093370 38.912468 2.562066 0.004381 0.022488 0.116445 0.992933
1706079928.505621 181.076999 39.197218 2.583009 0.003683 0.022722 0.116082 0.992973
1706079929.305125 182.043015 39.477443 2.564197 0.003913 0.022975 0.115689 0.993012
1706079930.105438 183.029716 39.753206 2.578052 0.004624 0.022130 0.115048 0.993103
1706079930.905341 184.013353 40.019256 2.575054 0.004695 0.023251 0.114299 0.993163
1706079931.805479 185.092678 40.322640 2.531972 0.003670 0.022609 0.114107 0.993204
1706079932.605438 186.054383 40.600078 2.507323 0.003787 0.022487 0.114580 0.993152
1706079933.405333 187.025622 40.878862 2.503227 0.004503 0.022981 0.116404 0.992926
1706079934.305491 188.090123 41.197319 2.472151 0.004047 0.021988 0.117945 0.992768
1706079935.205653 189.163032 41.516733 2.480206 0.003743 0.023058 0.119293 0.992584
1706079936.005172 190.124221 41.801813 2.467700 0.003574 0.022989 0.119945 0.992508
1706079936.904976 191.190075 42.110258 2.450797 0.004170 0.022652 0.119605 0.992554
1706079937.805139 192.258036 42.431791 2.444075 0.005494 0.023057 0.121091 0.992358
1706079938.705319 193.325689 42.751183 2.437932 0.004596 0.023120 0.122782 0.992154
1706079939.605489 194.388603 43.076214 2.414750 0.003975 0.023095 0.125518 0.991814
1706079940.505663 195.446794 43.398165 2.407177 0.004617 0.022585 0.127908 0.991518
1706079941.404990 196.507852 43.735455 2.417686 0.004392 0.024108 0.129912 0.991223
1706079942.305141 197.542585 44.070561 2.414421 0.003336 0.023395 0.132766 0.990866
1706079943.205287 198.585285 44.418659 2.375965 0.002552 0.023928 0.135509 0.990484
1706079944.105447 199.613899 44.778234 2.357252 0.002976 0.023381 0.139007 0.990011
1706079945.005181 200.618918 45.147516 2.334738 0.000679 0.024014 0.143524 0.989355
1706079945.905342 201.625953 45.525937 2.340209 0.000947 0.024136 0.148442 0.988626
1706079946.805454 202.653755 45.922104 2.334991 0.002891 0.024975 0.151598 0.988122
1706079947.705623 203.651691 46.317107 2.275750 -0.000620 0.023664 0.153579 0.987853
1706079948.604998 204.646598 46.716573 2.259425 0.000124 0.024127 0.154624 0.987679
1706079949.505116 205.655689 47.125428 2.226423 0.000563 0.023676 0.154066 0.987777
1706079950.405274 206.661413 47.532034 2.208927 0.001630 0.023989 0.152426 0.988022
1706079951.305028 207.684369 47.926771 2.212000 0.000377 0.024155 0.150218 0.988358
1706079952.205172 208.718735 48.328082 2.203235 0.000186 0.023676 0.148295 0.988660
1706079953.105273 209.754832 48.715178 2.175874 0.000487 0.023548 0.146462 0.988936
1706079953.905164 210.701864 49.057203 2.171356 0.000186 0.023856 0.145084 0.989132
1706079954.805288 211.739540 49.458267 2.148078 0.000512 0.023900 0.144009 0.989288
1706079955.705471 212.794391 49.827848 2.138778 0.002803 0.022606 0.142986 0.989463
1706079956.605608 213.844582 50.201646 2.092794 0.002502 0.024069 0.142078 0.989560
1706079957.505340 214.906757 50.580174 2.095737 0.001166 0.023434 0.142505 0.989516
1706079958.305663 215.853082 50.929233 2.086464 -0.000142 0.023294 0.143716 0.989345
1706079959.105190 216.797108 51.279265 2.093533 0.000725 0.023561 0.143913 0.989310
1706079959.905130 217.749888 51.637635 2.076668 -0.000909 0.023180 0.144041 0.989300
1706079960.705449 218.703868 51.998819 2.048595 -0.002967 0.023737 0.144003 0.989288
1706079961.504978 219.669279 52.352647 2.021620 -0.000601 0.022682 0.142592 0.989521
